10

  49   57   88   58   67  100   68   69   64   30 
  24   88   91   60   49   78   82   13   28   27 
  89    9   35   91   48   33   44   70   39   35 
  78   25    9   98   24   28    3   18   19   56 
  58   81   42   30   75   92   64   68   30   52 
  45   56   14    3   49   67   67   95   65   52 
  21   25   55    9   40   97   29   57   27   10 
  89   10   73   88   88   17   30   97   90   44 
  90   57   56   31   75   91   41   62   96   13 
  66   22   18   23   26   58   82   31  100   48 