20

  91   15   47    1   84   12   62   50    7   10    1   61   53   54   35   97   36   96   59   36 
  50   53   20   77   79   57   43   78   76   29   22   91   72   67   39   10   59   65   10   35 
  77   30    3  100   76   38   80   48   53   50   38   77   53   97   22   29   66   81   58    5 
   7   48   29   57   20   12   79   52   79   65   84   61   92   94   24   20   26   63   15   25 
  50    9   62   45   11   95   85   90   24   51   70   46   30   56   74   55  100   91   11   54 
  87   39   54   31   65   17    2   51   43   96   61   29   19   26   61   94   91   15   33   48 
  74   81    1   73   22   44   11   19   64   35   28   95  100   27   62   19  100   44   35   40 
  10   17    2   63   75   47   57   62   95    1   54   27    3   15   14   41   70   48   23   54 
  23   72   36    8   41   14   79   99   60   78   94   86   80   50   90   37   55   50   12   78 
  68   14   37   91   17   87   61   31   32   81   94   36   10   91   61   81   11   95   41   20 
  30   55   39   78   52  100   42   89   23   35   44   54   97   17   32   67   80   95    5   71 
   8   69   40   41   16   11    9   53   49   10   20   97   21    4    6   24   95   14   36   69 
  66   68   47   89   74   94   29   60   17   66   60   13   39   51   41   17   57   76   34   18 
  68   79   16   84   66   80   51   15   20   84   58   91   60   43   39    5   33   34   10    6 
   4   21   57   60   73    4   45   83    7   59   75   54   20   67   97   67   57    3   46    1 
  12   47   50    7   74   47   11   72   48   72   61   45   12   75   40    2   97   58   64   24 
  28   31   84   94   36   13   63   75   41   49   75   12   94   54   26    7   68   61   43   83 
  99   92   28   88   34    4   69   49   76   16   10   32   40   52   97   90   81    6   14   68 
  90   31   74   69    4   61   97   81   21   32   26   18   43   51   29   49   89   80   21   30 
  78   94   59   67   56   82   97   14   66    8   78   78   37   80   95   12   43   77    6   95 