30

  17   98   88   99   97   26   93   32   28   93   18   13   56   53   33   30    4   26    5   25   70   29   66   58   98   92   72   12   83   69 
  30   45   48   44    7   15    5   11   74   15   10   20    2   71   91   49   48   87    8   71   12   65   79   69   82   10   92   38   33   86 
  52   42   60   75   49   88   77   81    4   40   70   58   44    4    6   84   95  100   60   81   31   42   78   11    2   94   85   48   81   62 
  22    9   45   45   48   35   83   97   57   73   86   30   82   74    6   13   19   26   79   89   41   16   51    5    2   51   36   11   42   93 
  33   43   84   75   63   70   85   15   39   64   22   22   50   80   80   22   59   80   71   15  100   45   31  100   64   51   67   92   17   72 
  23   34   77   93   41   69   13   86   90    8   96   79   98   81    1   63   29   21   24   60   79   32   86   74   35   45   99   33    7   63 
  52   73   27   93   29   53   71   27   12   36   85   10   54   26   92   86   50   97   98   66   16    9   44   72    4   62   87   98   99   66 
  69   76   57   27   54   98   64   90   92   73   47   12   89   21   43   83   92   61   54   84   17   18   72    8   77   85   67    5   25   44 
  42   58   85   67   25   17  100   83   15   64   78   14   15   50   22   76   13   56   70   50    4   96   83   45   84  100   41   73   54    9 
  83    3   17   82   67   88   52   76   97   46   37  100   52   16   56   63   32   49   36   80   14   49   37   55   29   15   71   21   50   94 
  26   64   95   35   82  100   75   46   45   79   41   93   43   85   14   25   77   42   39   14   13   20   92   41   61   27   14  100   42   40 
  63   54   78   98   27   31   45   43   89   66   81   82   60   62    4   95   15   46   99   60   24   84   32   30   24   63   59   56   33    7 
  96   79   92   50   19   53   77   89   10   96   33   64   47   17   46   97   49    6   61   98   13   28   33    7   40  100   10   71   19   28 
  80   17   22   33   93   97   93   51   76   75   63   45   83    4   72   29   96   80   30   23   31   59   20   74   47   66   74   42   66   41 
  75   77   14   78   35   15   42   97   19   55   20   26   27    1   32    6   20    5   64   26   54    9   25   55   59   34   78   87   93   31 
  93   68   96   82   91   74   72   71   63    4   94   78   37   14   36   68   50   73    2   13   75   86   22   89   59   36   11   93    7   24 
  18   71   69    2   61   32   71   25   28   40   60   59   49   39   55   82   23   15   26   67   98   98   54   53   57   18   62   68   32   42 
  40   38   56   26   91   77   56   62   74   91   56   58   89   26   61    6   66   12    7    5   33   66   33   51   55   83    8   76   12   39 
  17   21   55   29    8   93   72   50   41   48   88   63  100   86   86   49   45   87   30   82  100   62   89   99   71    4  100   40   78    7 
   6   91   66   47   27   28   29   55   74   61   49   82   69    6   91   83   72   63   58    7   71   13   72    3   32   53   79   74   40   55 
  32   84   52   50   61   47   27   73   36   64   39   37   56    1    1   88   22   34   13   22   63   33   45   93   49   43   45   34   38   48 
  62   65   54    6   11   30   15   61   65   38   97   97   94   28   41   16   36   45   72   53   95  100   33   10    8   82   79   90   95   96 
 100   62   84    7   55    1   57   65   55   41   12  100   75   60   78  100   28   87   59   16   50   14   48   90   44   61   49   71   71   81 
  64   52   56   33   89   86   35   58   16    8   10   16   36    3   91   20   17   74   47   15   52   79   83   89   90   39   83   22   18   61 
  57   11   19   98    6   84   25   53   87   60   59   30   23   25    9   99   20    6   50   26  100   83   97   44   60    8   83   45   75    5 
   4   53   56   76    4   54   59   51   76   51   91   87   41   61   72   57   99   40   63   40   97   80   99   15    8   64   89   97   41   62 
  87   35   92   17   16   28   51   20   95   50   86   31   22   12  100   11   77   39   74   13   44   41   98   83   29   16   31   55   73   11 
  91   64   28   15   65   25   75   84   36   55   69   42    3   82    9   38   23   45  100   47   66   47   46   90   69   37   81    1   12   40 
  37   99   13   73   77   25    2   59   22   19   55  100   10   30   71   60   72   93   10   51   42    1    7   34   73   26   14   92   56   30 
  97   45   96   72   99   38   91   57   57   61   80   42   16   20   21   63   66   25   90   37   80    1   14   66   29   74   22   85   17   57 