40

  83   90   23   45   80   56    6   23   11    4   59   94   49   99   24   44   76   83   51   67    4   36   51   78   46   91   59   46   34   55   13   96   25    6   61   95   84   91   19   16 
  24   94   62   64   30   27    3    7   12   19   30   35   29   84   66   42   21   83    3   75   81   25    3   70   54   45   54   51   84   27    3   13    8   26   82   12   33   77    7   75 
  83   57   35   42   81   42   66   26   57   38   68   18   34   18   16    2   57   46   54   54   19   60   35   18   26   52   91   76   21   23   10   85    9   86   51   27   69   17   81   58 
  98   79   42    2   64   70   35    5   59   22    8   44   93   79   40   15   71    1   61    5   79   33   71   89   89   76   26   67   89   13   29   82   95   74   78   90   71   46   24    9 
  60   99    2   65   64    3   57   44   86   80   27   14   50   33   94   31   24   42   45   75   92   27    4   66    9    3   26   19   76   38   62   62   67   12   83   33   13    8   73   96 
  17   10   91   25    3   49   67   35   25   76   18   33   90   17   56   61   39   91   76   93   59  100   15   70   29   46   31   63   47   35   94   89   16   18   88   24   61   64   62   80 
  13   15   95   93   84   10   12    8   26   41    6   84   23   82   58   23   33   56   90   44   27   55   39   49   81   48   19    4   73   91   31   36   44   10   19   45    2   15   16   31 
  85   33   70   71   61   59   56   31   76   50    9   32   44   60   76   33   77   52   46   61   11   72   42   21   17   17    1   79   55   46   60   78    5   91   47  100   92   72   47   88 
  93   76   62   23   40   79   25   77   47   95    2   59   38    9   47   40   41   12   87   93   88   42   56   45   82   56   85   21   89   51   92   79   29   95   58   77   83   62   50   40 
   8   20   51   34   75   66   78   21   95   76   84   49   60   36   92   51   19    8   95   87   88   94   31   71   99   46   41   29    3   92   35   68   51   48   22   57   65   70   52   75 
  68   37   32   16   96   23   76    2   93    5   91   54   40   89   56   54   32   45   52   81   77   10   76   91   38    9   41   69   45    5   63   68   87    1    7   65   39   91   64   88 
  55   53   84   81   29   86    4   38   24   89   61    7   16   86   21   94   41   17   70   14    6   87   28   18   21   86   13   38   58   60   60   54   98    3   50   34   93   67   61   16 
  82   17   42   80   17   87   34   49   41   60   67   40   97   61    8   30   49   87   90    9   81   43   84   63   53   48   29    7   57    4    1    4   19   45   33   15   35    5   23   11 
  90   36   26   31   26   62   13   64   52   45    6   63   23   79   41   33   61   94   65    5   76   31    6   38   22    6   36   26   48   29   85   26   79   91   33    6   88   26    5   95 
  90   78   65   80   61    4   13    2    1   91   31   32   91   14   46   69   20   39   54   99   92   74   94   24   45   48   82   91    7   78   91   57   26   84   35   16   22   51    1   27 
  62    3   29   64   69   77    4   43   48   96   55   55   96   20   44   54   27   76   60   76   29   40   30   32    1    3   85   58   99   75   22   16   72    1  100   12   36   38   80   82 
  15   42   38   18   76   72    5   88   42   18   87   58   19   99   64   93   26   22   45   36    3   64    6    1   66    5   81   58   36   47   53   71    5   51   69   84    7   97    3   13 
  77   34   15    5   76   64   80   28   22    5   16   76   71   67   71   30   21   43   38   84   10   47   89   42   41   78   47   17   54   23    8    7   65   25   64   52   46    9   50   49 
  16   60   27   11   63   59   76    6   52   24   77   79   22   75   67   14   56   20   68   84   40   75   42   32   74   37   18    4    5   69   62   19   77   44    8   13   98   44    1   86 
  52   35   28   34   55   94   15   29   85   55   28   22   78   72    8   37   83   97   93   38   18    9   84   88   81   19   57   49   85   23    5   78   52   72   25   43   90   68   77   13 
   9    2   56   39   39   58   58   58   77   74    5   32   41   16   36   58   75   32   65   33   55   55    2   78   89   12   67   68   90   49   14   11   15   61   46   43   52   10   92   51 
  47   82    2   66   21   78   18   86   83   68   60    7   33   96   47   34   11    5   49   11   84   90   32   23   28   77   55   18   33   62   62   24   94   48   97   94   26   43   47   15 
  39   29    1   20   98   62   84   81   37   22   69   74   88   66   56   37   52    5   43   75   93   49   64   36   25   76   36   70   54   52   21   39   76   58   46   56   55   34   33   41 
  28   68   22   29    5   85   26   20   26   46    3   72   65   92   82   72   53   15   28   52   87   76   21   76    9   48   18    3   99   15   70   88   51   33   36   54  100   48   99   69 
  66   42   21   95   72   81   12   64   34   92   54   66    1   79   44   60   55   62   73   52   83   42   48   51   83   16   35   59   60   50   77   60   29   87   87   36   95   63   98   68 
  63   79   52   44   97   22   68   45   77   80   67   97   15    9   37   41    3   30   47   30   97   83   82   93   11   13   23   61   73   82    5   24    8   93   68   20   30   92   23   39 
  73   94   52   36   98   42   22   96    4   61   28   81   49   64   48   52   15   34   47   33   67   43   39   59   82   29   73   65   81    5   15   72   84    5   81   34   53   93    8   34 
  49   80   34    5   38   40   93   41   22   40   14   19   32   13   29   54    1   91    6   50   22    6   74   59   93   60   40   62   31   40   41   96   75   28   58   57   16   19   20   51 
  16    2   72   60    9   52   84    9   89   68   41   20   16   34   39   31   20   84   78   94   69   29   91   42   94   99   82   67   56    6   41   27   88   65    4   96   34   17   58   76 
  12   50   81   55   80   89    2   45   31   11   80   72   98   60   36   52   57   92   63   33   57   64   55   65    6   56   96   71   98   59   61   63    9   84   94   71   25   67   67   73 
  27   59   60    9    3   99   10   58   93   87   54   88   41   53   44   17   43   11   95    1   50   54   12   29   26   51   84   51   20   57   89   42   87   52   31   21   96   72   23   47 
  65   77   37   36   53   25   71   19   15   10   45    1   61   79   82   20   51   49   51   89   53   10   74   34   61   60   42   60   44   35   41   24   18   29   98   21   63   65   12   94 
   9   82   62   28   64    1   25   34   78   53   95    7    7   75   74   47    9   65   36   82    7   66   71   49   63   59   20   83   99   48   63   51   22   30   23   70   43   48   76   24 
   8   52   48    2   22   23   23   34   64   63   92   78   67   47    9   66   25   60   14   69   77   15    1   22   89   39   38   55   45   48   87   30   51   72   43   37   27   58   38   35 
  98   56   20   77   29   81   27   43   32   99   98   32    8   97   48   55   55  100   16   79   70   86   90   75   91   27    6   50   42   12   87   10   26   62   63   44   92   37   53   95 
  87   28   51   88   88   22   13   18   36   85    1   41   11   41    1    5   16    5    2   75   78   42   18   71   69   76   93   80   10   74   59   96   67    3   17   97   74   46   52    2 
  91   46   98   78   52   26   84   50   25  100   92   58    4   35   96   49   22    3   86   56   95   16    1   36   91   33   40   83   82   22   74   81   52   12   81   30  100    8   19   31 
  22   94    2   73   80   39   67   29   54   94   46   47   48   47   15   92   16   65   96   41   47   61   61   17   61   22   56   73   52   19   38   16   52   75   26   69   52   67   93   51 
   9   45   13   96   65   48   58   63    9   96   29    4   98   71   55   59   27   92   25   51   63   55   82   96    3   41   54   61   63   86   84    7   70   96   23   84   93   58   64   99 
  43   61   79    8   86   53   70    6   41   23   62   48   78   69   81   49   34   70   12   39   75   64    2   73   61  100   12   95   41   81   50   38   97   80   18   25   56   70   12   84 