50

  30   16   11   51   84   19   95   67   37   85    4   76   91   20   31   94   69   50   30   33   82   82   90   23   20   16   71   87   66   79   83   77   29   17   83   32   57   53   98   48   72   33   14   18   59   17   60   81   55   64 
  19   74   74   35   80   26   22   66   96   90   82   56   99   90   16   98   27   94   69   48    8   83    3   34   83   70   36   92   13   19   64   73    5   19   17    9   72   53   81   18   80   94    7   75   59   19    6   98   46    4 
  18   44   29   82   52   14   88   65   56   18   66   31   84   50    5   24  100   32   43    2   69   43   32    8   51   45   63   90   54   86   29   75   82   88   75   91   41   26   96   81   97    6   76   75   35   22   54   61  100   71 
  16  100   61   37   82   21   68   50   56   25   81   17   30   37   66   68    8   52   67   45    7   84   96    9    9   42   73   10   89   18   74   35   87   71   39   90   96   35   39   77   61   46   47    8   32   35   54   13  100   43 
  26   37   82   84   41   86   48   84   93   90    4   68    5   39    4   43   81   11   98   72   96   23   14   75   48   94   11   33   89   27   65   70   85   58   40   43    8   38   78   22   92   61   58   61   28    8   88   72   76   39 
  70   66   23   27   92   30   47    8   72   40   65   85   69   75   82   57   65   71   57   41    5   10   70   48    4   98   62   70    6   83   44   64   94    3   91   66   22   97   81   65   82   14   60   72   16   65   55   38    2   62 
   3   74   40   97   31   98   20   64   80   32    3   30   45    2   13   49   26   59   72   63   23   78    1   33   43   11   56   75   49   96   90   55   80   94   75    3   14   52   17   25   10    2   37   34   38   62   28   22    2   99 
  55    8   79   15   86   51   34   71   19   47   44   84   93   41   42   96   15   77   97   37   63   63   64   70   42   16   57    7    6   85   20   18   29   16   93   99   88   10    5   87   80   80   56   13   44   26   30   85   71   33 
  58   42   91    9   10   57   66   94   68   63    3   18   28   23    1   35   15   47   83   64   15   40   24   10   69   48   61   33    3    4   71   21   46   11   59   74   99    2   31   22   76    3    8   17   97   30   16   45   59   62 
  16   83   78   54   14   73   74   49   35   30   75    6   52   83   81   43   90   56   36   74   75   46   20   69    3   62   17   61   36   58   82   45   18   90   92   52   26   33   96   63   75   73   80   83   29   69   50   98   97   30 
  17   92   78   20   78   85   67   45   98   10   96   86   41   80   53   17   10   71   12   59   63   62   23   94   71   66   62   54   15   26   94   24   18   42   66   23   64    3   69   78   69   13   80   41   61   46   14   16    3   86 
  37   45   75   11   14   46   20   96   24   49   34   32   84   14   71   88    9   34   96   97   11   17   46   83   49   63   73   11   51   87   97   82   12   56   99   62   80   27   19   52   30   96   40   15   68   56   95   99   54    3 
  24    2   52   71   65   35   42   97   43   68   83   46   70   14   21   20   73   26   14   86   16   58    8   70   69   29   41   58   27   19   98   41   72    4   16   62   81   62   44   81   41    1   47   57   88   79    1   34   71   40 
  67   55   74    8   98   43   88   50   59    8   28   67   76   56   34   20   56   31    3   96   13   57    5   81   17  100    1   85   59   56    6   27   56   47   78   72   17   23   43   83    6   46   71   68   72   60   72   85   15   63 
  95   76   91   27   80    9   56   71   77    7   51   80   90    4   55   56   36   90   28   46   76   88   31   56   91   85   46   61   84   27   33   96   69   83   98   65   41    4   60   82   46   33   78   97   75   79   38   28    4   83 
  72   84   32   12    5   11   71   95   39   67   40   68   83   16   61   36   60    5   42   79   82   94   14   56   51   62   12   47   36   90   62    7  100   73   31  100   64   25   46   10   66   18   77   82   24   58   59   64   19   53 
  29   38    5   81   47   44   26    1   94   65   46   17   37   93   40   14   25   47   73   35   41   17   92   19   70   33   16   69   70   70   62   40   95   40   41   69   27    4   72    1   13   44   87   67   50   82   36   41   38   10 
  23   22  100   12   87    8   33   50   80   19   55   95   86   34   96   69   95   32   91   53  100   50   33   53   11   47    5   17   41   19   61   68   34   53   87   96    5   22   44   45   27   55   62   91   66   67   92   35    2   60 
  62   11   34  100   18   19   63   13   58   55   86   17   91   58   87   39   82   13   42   98   24   89   37    5   91   13   54    3   51   67   58   24   18   77   10   35   40   59   82   37   53   87   11   61   28   76   61   46   56   46 
   4   34   57   78   10   85   62   26   50   74   36   24   84   11   85   19   41   43    2   48   72    7   54   50   73   85   40   69   56   17   98   52   13   68    3    2   83   87   82   69   63   76   20   84   35   59   48   82   54   36 
  49   51   93   23   76   20    3   47   67   81   41   47   84   31   33   63   22   34   79   91   76   87   80    1   43   19   55   19   75   54   18   66   57   24   38    5   56   44   45   45   84   46   43   46   42   54   70   50    9   77 
  55   21   92   67   70   13   17   22   53   91   54   90   79   13   42   46   26   21   18   46   52   38   68   85   82   41   88   65   14   63   65   89   93   21   62    2   39   36   18   44   31   27   61   59   31   57   24   54   38   87 
  70   91   26   18   35   81   10    4   57   53   96   61   94   86   40   48   38   28   14   63   65   99   55   59   91    1   14   79   54   75   80   36    7   51   78   41   69    4    4   59   70   78   93   76   36   73   33   40   27   84 
  92   16   12   48   17   67   25   95    7   53   93   30   26   14   47   70   29   66   26   14   39   47   36    7   92   32   31   82   42   54   19   86   87   21   45   18   36   15   63   97    6   93    1   58   40   50   56   98   49   15 
  61   64   16   86   80   17   25   25   94   32   94   27   28   59   54   64   25   54   28   15   29   36   47    5   74   60   80   93   91   66   49   44    4   66   61   81   53   87   72   11    6   36   13   13   51   31   61   35   47   99 
  37   96   95   48   83   67   16   28   68   33   92    4   86   39   17   19   36   52   54   78   22   50   19   29   52   82   39   41   20   84   45   43   68   68   20   76   72   49   26    5   56   52   86   56   94   17    1   79   25   68 
   2   18   74   98   57    4   58   17   98   66   92   33   17   42   52   24   21    5   25   61   82   99   50    5   59   36   55   34   91   96    6   43    6   78   41   43   76   76   71   17   50   58   77   33   72    5   53    5   62   58 
  55    6   90   71   60   67   73   97   61   70   29   76   25   47   26   34   45   74   71   54   63  100    8   76   89   64   82   68   92   69   99   36   28   88   99   41   85   64   85   74   47   78   25   79   82   58   74   43   24   77 
   8   70   63   97   36   52   86   78   59   86   52   22   36   42   83   43   56   85   54   67   35   64   93   72   57   94   43   42   18   61   22   38   53   11   98   56   50   63   39   23   51   12   81   19  100   57   41   75   51   69 
  22   32   83   18   59   98    6   64   34   46   41   23   97   75   11   89   57   37   54   89   65   11    9   81   84   95   37   37   29   16    2   20    9   95    8   82   50   70   95   26   11   29   84   70   19   38   90   10   87   88 
  71   17   86   90   18   58   64    8   13   73   91   66   70   52   27    8   80   16   81   34   43   36   20   73    7   82   36   77   65   31   64    1   79   44    9   36   38   98   17   57   13    2   79   57   83   69   17   75   81   89 
  44    1   77   77    7    1   22   82   38   74   18   39   28   20    4   73   83   61   29   78   99   94    8   99   58   89   41    5   82   12   20   37   79   14   91   90   11   89   25   66   31    8   99    8   12   69   30   81   70   73 
  51   66   67   51   60   81   71   23   76    9   87   20   89   11    3   15   83   70   65   29    3    3   30   27   93    2   11   25   63   52   73   17    7   89   32   44   43   71   38   89   95   27   54   13   99   96   75   79   22   74 
  96   61   62    5   28    7   24   14   82   74   22   77   76   63   99   96   71    5   59   66   60   80   39   95   42   88   52   87    4   78   11   46   96   73   24   23   28   28   51   56   39   89   14   88   76   21   33   94   55   14 
  90    5   12   93   84    5   60   62   62   89   37   20   60   89   81   37   34   14   82   66    4   31   32   27   72   27   12   93   49   80   48   99   72   34   18   18   46   72   22   25   38   78   74    9   43   27   32   42   23   45 
  82   61   81   36   33   22   40   71   68   85   97   77   10   41   67   38   43   13   41    4   31   59    4   69   51   49   77   46   88   86   77   89   69   89   51   54   44   28   90   43    9   99   56   30   30   30   81   11   66   37 
  56   30   87   22   35   22   57   76   10   19   53   58   30   94   94   90   86   30   95   12   73   36    6   73   45   42   91   44   16   53   75   10   49   74   50   24   33   66   19   91   30   13   56   23    7   11   18   68   62   95 
  45   57   67   53   47   74   53    7   37   41   50   39    7   23   78   79   77   24   80   77   82   28   92   13   24   31   52   72   80   64   54   42   47   97   30   36   28   66    4   42   41   95   56   18   41   94    8   82   52   94 
  81   98   28   20   58    2   41   48   61   10  100   12   79   19   48   47   43   69   58   85   26   21   70   28   89   46   65   46    2   42   17   90   92   50   91  100   54   82   92   53   50   37    6   81   90   29   24   35   74   41 
  93   27   51   44   20   14   95   86   83   95   66   12   82   83   25   29   47   30   49   13   16    9   54  100   75    8   37   69   48    9   74   52   27   56   10   66   48   72   32    6   76   93   38   63   14   63    7   33   14    8 
  79   48   53   62   98   92   26   92   44   26   14   97   21   73   38  100   44  100    5    5   85   55   67   88   59   96   10   98   91   41   94   28   79   95   36    7   22   45   87   64    9   77   89   75   37   49   81   23   25   86 
  71   99   90   81   29   32    9   67   60   38   46   67   95   88   95   85   23   20   90   30    2   58   26   21   22   39    3  100   88   17   97   15   54   89   35   79   41   38   36   87   51   20   26   68   39   43   69   11   73   25 
  82   91   92    5   28   19   67   61   87   52   72   10   72    7   91   23   28   46   95   84   92   61   96   24   43   75   60   89   18   16   99   66    1   85   57   32   19   86   99   33    4    8   52   59    1   39   13    1   64   58 
  63   51   96   16   37   18   91   25    1   50   26    9   15   63   69    4   35   69   71   95   26   96   64   42   97   54   69   75   45   39   24   61   94   84    9    5   45   83   52   65   87   14   81   82   60   24   92   15   52   43 
  96   42   17    4   89    3   49   53  100   74   74   97   44   10   83   25   91   67   84   45   63   12   17    5   38   54   71   37   99   95    7   14   69   82   31   95   92   46    2   10   54   17   48   92   44   35   66   52   38   39 
  83   22   13   93    3   11   94   69    6   70   37   91   77   42   76   60   28   23   73   36   55   15   23    7   11   82   32   37   28   71   86    9   93   36   39   77   37   52   13   28   59   80    8   28   16   16   67   43   93   22 
  48    8   57   50   43    9   36   44   67   27   64   24   70   24   66   69   40    4   20   16   27   87   82   97   30   70   26   26   31   60   37   78   88   43   95    5   13    7   54    7   30   90   14   82   64   56   79   44   94   21 
  99   51   40   29   21   74   12   20   55   61   27   58    4   25   19   92   73   63   38   80   93    9   89   81   94   53   46   67   71   68   39   85   98   78   24   59   86   44   46   22   22   77   49   46   31   78   83   80   72   40 
  94   92   78   76   96   69    1    4   93   42   74   67   93   91   22   11   90   73   13   54   80   97   99   27   95   56   81    1   13   75   51   52   93    5   24   14   59   89   42   73   57   60   52   12   97   44   50   99   51   90 
  32   35   46   37   62   61   66   75   46   10   25   16   78   47   14   32   43   45    1   26   38   63   21   87   62   59   10   87   75   91   55   22   37    1   63    9   40   33   66   84   14   65   22   51   69   73   75   80   76   72 